orthologs: 7
totalgenes: 7
organism: mouse
Enriched Phenotype	Phenotype Name	P-value	n	m	i	rank	q-value	Overlap Genes
MP:0011396	abnormal sleep behavior	0.013236549957320428	93	6933	1	2	0.015384615384615385	Ahrr
MP:0005564	increased hemoglobin content	0.017506404782260607	123	6903	1	3	0.023076923076923078	Ahrr
MP:0000186	decreased circulating HDL cholesterol level	0.020068317677069496	141	6885	1	4	0.03076923076923077	Ahrr
MP:0002757	decreased vertical activity	0.02362653003157546	166	6860	1	5	0.038461538461538464	Ahrr
MP:0001325	abnormal retina morphology	0.029746655280221468	209	6817	1	6	0.046153846153846156	Ahrr
MP:0005561	increased mean corpuscular hemoglobin	0.03159692570441734	222	6804	1	7	0.05384615384615385	Ahrr
MP:0004738	abnormal auditory brainstem response	0.040990606318704874	288	6738	1	8	0.06153846153846154	Ahrr
MP:0005377	hearing/vestibular/ear phenotype	0.04440649017868868	312	6714	1	9	0.06923076923076923	Ahrr
